500 1000
642.2832546502462 956.7769740377427
775.252856299168 723.2151692434531
949.6972208093017 647.7540322274829
1298.1349067631922 495.79332334703986
1564.773502760116 529.496301646117
1826.2506003963836 591.6393546219126
1943.5128328863511 683.0850945919606
1984.6101467319816 948.684496730054
2121.2015019581263 1080.851138461515
2394.487233478083 1345.0779103525383
2656.280127197045 1405.8768611633113
2923.195626936312 1437.3116765815141
3185.191352352852 1497.2305507773735
3452.210927097931 1527.7686961761397
3727.3676167088065 1790.046553035491
3989.585784690257 1848.9843507708215
4162.363024777786 1769.7805325748334
4507.44592520606 1610.3481962425783
4852.054448652551 1449.8930822562033
5196.185806547817 1288.417119495455
