0.0 0.0
0.14228325465024627 -0.043223025962257355
0.27525285629916796 -0.2767848307565468
0.44969722080930175 -0.35224596777251715
0.7981349067631922 -0.5042066766529602
1.064773502760116 -0.47050369835388306
1.3262506003963836 -0.40836064537808736
1.4435128328863511 -0.31691490540803946
1.4846101467319817 -0.05131550326994605
1.6212015019581263 0.08085113846151493
1.894487233478083 0.3450779103525383
2.156280127197045 0.40587686116331123
2.423195626936312 0.43731167658151415
2.685191352352852 0.49723055077737355
2.952210927097931 0.5277686961761396
3.2273676167088063 0.790046553035491
3.4895857846902567 0.8489843507708215
3.662363024777786 0.7697805325748335
4.00744592520606 0.6103481962425783
4.352054448652551 0.4498930822562033
4.696185806547818 0.288417119495455
0.0 0.0
0.14228325465024627 -0.043223025962257355
0.27525285629916796 -0.2767848307565468
0.44969722080930175 -0.35224596777251715
0.7981349067631922 -0.5042066766529602
1.064773502760116 -0.47050369835388306
1.3262506003963836 -0.40836064537808736
1.4435128328863511 -0.31691490540803946
1.4846101467319817 -0.05131550326994605
1.6212015019581263 0.08085113846151493
1.894487233478083 0.3450779103525383
2.156280127197045 0.40587686116331123
2.329615343664575 0.3279017225533516
2.4825054508025715 0.10686632547684116
2.610121586007547 -0.12966306731987676
2.955484662390224 -0.28848757269560044
3.106534406636678 -0.5107846855525147
3.2337442656321334 -0.5877938168393774
3.496532296294454 -0.5314512701978045
3.763943091342438 -0.5045533462399117
4.026918017551403 -0.44908966617062607
4.294417199115175 -0.42308544566412176
4.55757589662393 -0.36850036027503075
